0000000000;0;0
0000000001;1;1
0000000002;1;1
0000000003;1;1
0000000004;1;1
0000000005;1;1
0000000006;0;0
0000000007;1;1
0000000008;1;1
0000000009;1;1
0000000010;1;1
0000000011;0;0
0000000012;1;1
0000000013;1;1
0000000014;1;1
0000000015;1;1
0000000016;0;0
0000000017;1;1
0000000018;1;1
0000000019;1;1
0000000020;1;1
0000000021;0;0
0000000022;1;1
0000000023;1;1
0000000024;1;1
0000000025;1;1
0000000026;0;0
0000000027;1;1
0000000028;1;1
0000000029;1;1
0000000030;1;1
0000000031;0;0
0000000032;1;1
0000000033;1;1
0000000034;1;1
0000000035;1;1
0000000036;0;0
0000000037;1;1
0000000038;1;1
0000000039;1;1
0000000040;1;1
0000000041;0;0
0000000042;1;1
0000000043;1;1
0000000044;1;1
0000000045;1;1
0000000046;0;0
0000000047;1;1
0000000048;1;1
0000000049;1;1
0000000050;1;1
0000000051;1;1
0000000052;0;0